time,x,y,z,phi,theta,psi,x_velocity,y_velocity,z_velocity,phi_velocity,theta_velocity,psi_velocity,rotor_speed1,rotor_speed2,rotor_speed3,rotor_speed4
0.06,7.558218470688902e-08,-8.14748464164617e-08,10.003735498613251,6.282900130146896,6.283061167438044,0.0,8.696936660539464e-06,-1.5371115627543794e-05,0.12451040364669817,-0.016538744555734286,-0.006566645403923115,0.0,444.6006909756804,444.0624926471163,445.562095787422,444.20824358575675
0.12000000000000001,4.232271111173605e-06,-1.1736990477965536e-05,10.017280848653773,6.282224345655827,0.00016068997481966107,0.0,0.00012881593937998602,-0.00046891312105074186,0.32696447379670546,-0.002381950124354091,0.02102949842066184,0.0,467.5895892075547,469.73409770786174,467.4116414090959,468.51354407629634
0.18,2.6285224892021394e-06,-6.114727958797997e-05,10.04071146736893,6.281959972546266,0.0020578627266640837,0.0,-0.0003557217200615208,-0.0011992797310810765,0.45401345706528695,-0.008798029048322806,0.04712279914482295,0.0,444.0220800867334,446.1575704657658,446.23452747292356,445.7106318459428
0.23999999999999996,-6.523137566659996e-05,-0.00015706482002072488,10.06834451085848,6.281243349654719,0.004691579848937977,0.0,-0.002150486245862303,-0.0020526362159996687,0.46708181317770514,-0.01912337423967468,0.03650246496773914,0.0,408.66613233433156,407.7197898577045,409.4917270266117,408.5724337158004
0.3,-0.0002948434260670192,-0.0003227125294217092,10.098442798173728,6.280122542739303,0.006893021086027851,0.0,-0.005717033061159605,-0.0035793677485022567,0.5361626511339934,-0.017808081376873404,0.037064411509059744,0.0,427.0461322237019,427.09473473372714,427.31947465262454,427.431602579294
0.36000000000000004,-0.0007980577177744884,-0.0006090761833600237,10.134896322003272,6.278725582637305,0.008951167752861089,0.0,-0.011288900615831016,-0.006095899931665948,0.6788781240036913,-0.037442956223387315,0.028111867931748715,0.0,450.7737172847333,450.0502620769392,451.53685957295295,449.9502054767105
0.4200000000000001,-0.0016674771655568513,-0.0010758220863761492,10.178700480656891,6.276569926695558,0.010696693813362579,0.0,-0.017866871362773516,-0.009687089374147051,0.7811927624199658,-0.03305780178701384,0.0309835255158101,0.0,437.3822503721896,437.6215761942192,438.59037793533366,438.95378250293817
0.48000000000000015,-0.0030417245345852662,-0.0018482243390471464,10.235281290111685,6.274489117829344,0.012143075929851754,0.0,-0.028169703198658958,-0.016332041646030443,1.10457433338836,-0.03813931518220601,0.004516007760942627,0.0,504.45479340861414,502.5402050842461,503.65863113902554,503.2906711156291
0.5400000000000001,-0.004988413041718958,-0.0030198916924258604,10.304921670339764,6.27219707683777,0.01254564323647589,0.0,-0.03675387120427142,-0.022960203893386846,1.2166559085457884,-0.038323672042826176,0.010770499177267053,0.0,441.76693727812767,442.28220212636097,441.93492362030935,441.91901288730617
0.6000000000000002,-0.007500208982623967,-0.00467366400164744,10.384472049760685,6.270054564157139,0.01296305904789552,0.0,-0.047034761795286276,-0.03242752374259773,1.4347712059521187,-0.030934399216591225,-0.0020376022524808447,0.0,474.7929697523342,473.80930673609384,474.1948992866943,474.7616418075007
0.6600000000000003,-0.010602978593893343,-0.006911261384800151,10.474592231182475,6.268516576253077,0.012632913891780007,0.0,-0.056365685051860015,-0.04233663063395065,1.569057509555294,-0.01671649884163717,-0.01353370193530131,0.0,449.8023318968651,448.8705419614643,449.51052316997556,450.660966756546
0.7200000000000003,-0.014245819107420083,-0.009761614873536571,10.571952219851708,6.26746102659234,0.012046154514567142,0.0,-0.0649894224031166,-0.05277896979101226,1.676123328323563,-0.019404583869501127,-0.003166250049839518,0.0,441.42010621688354,442.2748636512474,441.46819308162344,441.2464226450415
0.7800000000000004,-0.018397844649929128,-0.013263425457234655,10.675893616890209,6.266523479386226,0.01169753018682318,0.0,-0.07338220843907521,-0.06405359853319056,1.7884189456692035,-0.00897500587197778,-0.011706775501421563,0.0,444.2724813925861,443.5718221569769,442.8071865712598,443.6643480915613
0.8400000000000004,-0.02299422377695462,-0.017385586766356067,10.782194142543009,6.266294457384795,0.010412759270963967,0.0,-0.0797663981086279,-0.07338304325334713,1.7549839844426038,0.004895974518497902,-0.06138805990311287,0.0,398.0015367257616,393.4279328255372,394.9329700932311,396.21028689209
0.9000000000000005,-0.027970592838558808,-0.022117849613733156,10.889385322130146,6.2662121244668185,0.006642818269894768,0.0,-0.08575237841622776,-0.08434305502045543,1.8179606486589388,-0.018452188979065365,-0.06588828508757356,0.0,428.34694252888784,427.96106286081573,429.0231413321036,427.0362974060866
0.9600000000000005,-0.03322401745517747,-0.02749231377619763,10.999064465962144,6.264987301745773,0.002818223088445926,0.0,-0.0890115134858647,-0.09491024814111654,1.8379788494247102,-0.024657218370912056,-0.05976736623717452,0.0,414.3810378932832,414.91542678044306,413.8551847706572,413.3086812637416
1.0200000000000005,-0.03861975455939836,-0.03365466551754921,11.117042137264349,6.262934564044087,6.28251271305455,0.0,-0.09040326123608614,-0.11069125790229443,2.094173965339766,-0.07196228959206732,-0.05518258256379671,0.0,486.3185061852658,486.65973813821074,489.52047323130597,485.98700702135153
1.0800000000000005,-0.04401952549535026,-0.040700493521754505,11.244281110528513,6.259413588285604,6.278843991102448,0.0,-0.0892616071053948,-0.12453222461140487,2.1470183435394157,-0.040423150377835754,-0.07704840710426059,0.0,426.65680409163747,424.7828866426321,425.06654624770016,427.75773606014377
1.1400000000000006,-0.04926036045205914,-0.048710249517609695,11.377642551511348,6.257151919549663,6.274351247548044,0.0,-0.0849356587442984,-0.1427089407736709,2.298062202655107,-0.03273140653420841,-0.07086169407735009,0.0,456.8067038596016,457.2955147985258,457.16234711444054,457.77414110311196
1.2000000000000006,-0.05416261053179291,-0.05780767344975912,11.518112999640547,6.255057706320871,6.27053494289231,0.0,-0.07807425795953134,-0.16073648040245592,2.384100447612613,-0.03964516424316475,-0.05204765257863202,0.0,437.52625598044847,439.0866452098735,437.31912567268637,436.74232534134507
1.2600000000000007,-0.058592086768501535,-0.06800317265860474,11.662804301097605,6.2532417884346,6.267435659188363,0.0,-0.06927991629262631,-0.17930597516418956,2.438816925245698,-0.01612038906130865,-0.05088051998077826,0.0,427.8723789608048,427.9698980385953,427.0657917085292,429.06715441434034
1.3200000000000007,-0.06239193407339542,-0.07942403961050898,11.813467517785446,6.252764294944999,6.265370955877316,0.0,-0.05712166702317322,-0.20145511997621895,2.5829678347977842,0.004739987201331108,-0.013268927048168776,0.0,455.0549647977459,458.05497798437716,455.508302677807,457.17349468502323
1.3800000000000008,-0.06539067798477746,-0.09223700185279941,11.974651121056887,6.252916532256306,6.26438805361226,0.0,-0.042741079782856684,-0.2256036939545652,2.7893359105340125,-0.0022790185575030848,-0.023474932811263605,0.0,476.17955521379184,475.3982925076072,475.9232251107127,475.38565977955255
1.4400000000000008,-0.06755067496655372,-0.10641710888394222,12.14558510369239,6.253097783270805,6.2630300799407514,0.0,-0.02911928374288529,-0.2470544404887034,2.908164233253888,0.011937075570578258,-0.02100003867200848,0.0,451.3734989129379,451.5731582530218,448.6725896100676,449.82523999871864
1.5000000000000009,-0.0687323414868512,-0.12207252991377801,12.330153811432918,6.2538467161976605,6.2613639160057915,0.0,-0.010095064019427488,-0.2746672851595246,3.243234836074903,0.013550786661754053,-0.04689192469955408,0.0,513.9028804433037,512.0641485536038,514.08404776095,514.1982329128086
1.560000000000001,-0.06884447461322857,-0.1391988578237473,12.529175916902533,6.254420851155581,6.2583142615226315,0.0,0.006665760816628416,-0.2961218948122431,3.3904038102979683,9.657735455004344e-05,-0.06016345133007497,0.0,462.153602848659,461.1047437880533,461.9983022238963,460.936136625075
1.620000000000001,-0.06790136252218791,-0.15757960622910874,12.736202770421636,6.254255776525326,6.254513862361952,0.0,0.025149921616592564,-0.31656796898811873,3.510118672591628,-0.009161585034958068,-0.07059690817506119,0.0,454.6470978416689,453.80749490839816,454.2988341646983,453.5559142643521
1.680000000000001,-0.06573193324057103,-0.17722710405266437,12.951583492501108,6.253470128761201,6.250694630919995,0.0,0.04759249390968633,-0.3384072821254239,3.6687244909376906,-0.022424983815672726,-0.05250206695887808,0.0,465.13965440322886,466.5517545870776,467.9808681728561,466.9474044563989
1.740000000000001,-0.06222373987897043,-0.19812495887456788,13.173772047059073,6.251967772374893,6.2475477131519455,0.0,0.06964658261855396,-0.3583199479158687,3.7373196344101074,-0.03086002351727246,-0.052342008131610766,0.0,439.63852232346767,439.64996341150817,440.6680976744089,439.9701228771317
1.8000000000000012,-0.05730101346806454,-0.22027409333037498,13.400876257664784,6.250471794848382,6.244112251497263,0.0,0.09476347702534837,-0.3801426495718168,3.83248294363306,-0.015139654296580374,-0.06955256110186778,0.0,449.14811832476795,447.7477197650719,448.6253688059038,449.8999363843422
1.8600000000000012,-0.0507084392901865,-0.24383320086479032,13.635901889205565,6.249213235153887,6.239863748322151,0.0,0.12543805610719985,-0.4052599598892309,4.001099911519964,-0.0364215884777585,-0.07344490260643433,0.0,471.2613048520051,470.9567929756778,473.4557291273095,471.8153865516078
1.9200000000000013,-0.04226740883361216,-0.2688632605758211,13.87901020428329,6.247387790200021,6.235376242751567,0.0,0.1563678128270845,-0.4292660408811198,4.102117033309314,-0.020534371184479597,-0.07762982181686696,0.0,452.7260112558042,452.38485706316175,452.126475694238,453.4044237281196
1.9800000000000013,-0.03188595270358609,-0.2953612760548429,14.127983027021015,6.246380566647655,6.230416051032865,0.0,0.19014776637389352,-0.45410186212284975,4.196597047819176,-0.010185351610001097,-0.09536271425785225,0.0,451.7807676903661,450.342974225125,451.43784664901074,452.2722867623394
2.0400000000000014,-0.019068911877550197,-0.32357563804947215,14.388237649928131,6.245845127883907,6.224467627923245,0.0,0.23777874531889712,-0.4864118048465154,4.477442941037744,-0.006513530468627194,-0.1080252675953334,0.0,506.6186361257695,505.7000679253097,507.1527742560071,507.4165853117284
2.1000000000000014,-0.003689449323902895,-0.35345865347353583,14.657767768425133,6.245177428381162,6.2183096407490766,0.0,0.2754396156611952,-0.5097316913833952,4.506729783509804,-0.022482961181369707,-0.09359263467322405,0.0,433.71237161960266,434.91345518437635,434.3685935851053,433.02724739508494
2.1600000000000015,0.014278244446720233,-0.38488237532463165,14.932339371317003,6.24410454049303,6.212157002499289,0.0,0.32406480803689847,-0.5378335692204818,4.645040438636613,-0.009981425817291462,-0.13409141269290945,0.0,470.0547280294356,466.8958502475731,467.55752271269057,468.53064980185326
2.2200000000000015,0.03498281994711641,-0.4178376383203872,15.210723587636409,6.243310121288959,6.203779612533937,0.0,0.3667904654866523,-0.5607359137122123,4.634405150186347,-0.020718619834608452,-0.153961378214171,0.0,423.66969338916687,421.93800338243125,422.94675850139464,422.0209634374543
2.2800000000000016,0.05863320053225431,-0.4522977351068352,15.491325171464997,6.242316365509524,6.19467499337587,0.0,0.4224395522010485,-0.5880293410080195,4.718532718862297,-0.009331522022224724,-0.14764588457433014,0.0,452.49927682897163,452.9862024989569,453.0700905715912,453.9848706969134
2.3400000000000016,0.08589842931597491,-0.488455489212015,15.777989160614661,6.241397781164789,6.1854134999564305,0.0,0.48729675292089736,-0.6172806574083604,4.836322562204505,-0.031279814019896185,-0.17320451588995253,0.0,465.52522687117244,463.4987289229574,465.1184809130485,463.3962302818549
2.4000000000000017,0.11753963542542568,-0.52651148953805,16.074516294431376,6.239494332067451,6.174855930732324,0.0,0.5685540302790844,-0.6514334428351812,5.046830857799401,-0.03262780615565024,-0.18212360403889524,0.0,493.33468711737316,492.64903552522543,492.890108334806,492.79021244621396
2.4600000000000017,0.15375507972773172,-0.5664401280346757,16.378622931461873,6.2380290922964186,6.164025738180847,0.0,0.6396195517627846,-0.6796654787485549,5.089700954785264,-0.011668890066257792,-0.17744922859722315,0.0,444.44116187344963,444.7926804547734,443.93299192493936,445.6495480945449
2.520000000000002,0.19439188335081345,-0.6080690167833022,16.68489808509901,6.2374100603964955,6.15406933830376,0.0,0.7158562141784034,-0.7080152402141472,5.119170862060092,-0.007742296558497595,-0.14947096498697782,0.0,440.99212822692425,443.2703099628939,440.0920676002336,440.4171275885836
2.580000000000002,0.2397515675148371,-0.6513985149405402,16.992683055034373,6.236458705904415,6.145264474052606,0.0,0.7969153122188595,-0.7363494096767083,5.140067788203751,-0.04167876808545768,-0.14179811514018928,0.0,438.5532289711345,439.1696717122208,440.7005595775138,437.88600870566006
2.640000000000002,0.29044714116598996,-0.6965573884741275,17.30392425336505,6.233989720921516,6.136696157080625,0.0,0.893728866499113,-0.7691709306477486,5.2340023943134515,-0.0401124401387154,-0.14489722334783633,0.0,462.66722925475113,462.40497898191535,462.59201308728416,462.71453455782506
2.700000000000002,0.3468914777687871,-0.7436562606639531,17.61919263564984,6.231043141895885,6.127950080009512,0.0,0.9885201094503022,-0.8010116243121849,5.2745399839108495,-0.0810791606691429,-0.14756664259094324,0.0,447.5592915042968,447.3222043552034,448.80862976369343,445.46865330325727
2.760000000000002,0.4093536795605683,-0.7927848486017969,17.937908689317183,6.226088843195225,6.119398924220345,0.0,1.0943328248939312,-0.8370594957196799,5.348717472319835,-0.08573528806713904,-0.13397470301451517,0.0,457.95428127423867,459.0159282610903,459.1562711520399,458.78135724433236
2.820000000000002,0.47929061969059805,-0.8445078244005695,18.266783322445175,6.221161403007539,6.1113462050108325,0.0,1.237675654312734,-0.8875832843508353,5.612161483890617,-0.07573844109725435,-0.13469030154894526,0.0,515.4140512871862,515.3495798132656,514.8037607083837,515.5062319547661
2.880000000000002,0.556361760931496,-0.8987841464098699,18.601890442129807,6.216423077152591,6.102938377498337,0.0,1.3320347226077052,-0.9219989092283929,5.558087192545809,-0.08637845843090484,-0.15415189726788708,0.0,422.43948143030946,420.73781227767336,422.69717198209867,421.7736446964401
2.940000000000002,0.6392387082016333,-0.9552045825701276,18.93376127800071,6.211256011729054,6.093552863768981,0.0,1.4312873853738053,-0.9590944099974129,5.504240401202861,-0.0856017322059479,-0.16140383314588233,0.0,421.1497485859852,420.49716312171796,423.1714864723921,423.2318351455557
3.000000000000002,0.7284377532374269,-1.0140130296195233,19.263480329159243,6.206396218058281,6.083786648530385,0.0,1.5428174176578804,-1.0015955209656184,5.486139661609472,-0.0730949896305252,-0.16564945788694882,0.0,434.187426722659,433.80505587423227,433.6542607051274,434.69821855299324
3.0600000000000023,0.8249458910826508,-1.0756221739434433,19.594276997442975,6.201962120131331,6.073634220480235,0.0,1.6749768586287395,-1.0524171905445698,5.53974533479959,-0.07556482418806115,-0.1774770905436651,0.0,458.4882007826053,457.52069913794315,457.59597136758725,457.3951942477732
3.1200000000000023,0.9290470905271384,-1.140160615528242,19.925767680553964,6.196931538377616,6.062907976192699,0.0,1.7959301753601025,-1.0992378836680856,5.50968239683771,-0.1106295239711417,-0.18148808136864542,0.0,431.90443243188923,431.5340305380057,434.0965087153167,431.13678452950387
3.1800000000000024,1.0417211411117095,-1.2080359474371531,20.26042006049677,6.1906910722829345,6.05164475641131,0.0,1.9608344321060767,-1.163859216063878,5.644151271875245,-0.0932817848019533,-0.20461901753255216,0.0,486.5326698168241,484.76588923482586,482.9245658682673,484.2229178332808
3.2400000000000024,1.1644303660088915,-1.2798739726953765,20.602623355833657,6.185127269084546,6.039496238110601,0.0,2.1305294499611334,-1.2312193338872108,5.761388127570763,-0.09164958268528232,-0.19850622611170884,0.0,481.23809967629336,481.6638888910813,482.51436848243065,482.63108513536594
3.3000000000000025,1.2960450848035023,-1.3552633103219174,20.945720406284984,6.179721304257914,6.0277827746842565,0.0,2.257540265504884,-1.28216841318232,5.6751080896878054,-0.08716853823933113,-0.18936686109789738,0.0,418.33035459917284,419.08576833775425,419.06545546501127,419.4475465469435
3.3600000000000025,1.4356771336518264,-1.4338768520612424,21.28444323414165,6.174037882943068,6.017540341570758,0.0,2.3976831505865204,-1.3386928525466393,5.615414396100775,-0.1174696175517504,-0.14781603861433565,0.0,426.85568430279653,430.3568085615994,429.3338755426379,426.74604686730845
3.4200000000000026,1.5839108015925007,-1.5159912486231932,21.61968409102693,6.167126570978283,6.008975801347141,0.0,2.5440924702634473,-1.3989891447880936,5.559020783069505,-0.11098123905319475,-0.1341598319977139,0.0,429.27928739536026,430.4169024431973,429.861382429429,430.39863226266596
3.4800000000000026,1.7412240891639408,-1.6018991184518745,21.95207873222667,6.1606066166441735,6.000986185102864,0.0,2.700264925278543,-1.4651164822439586,5.520428936499412,-0.10440002451576491,-0.13123459232023646,0.0,436.60461019605935,436.8319888918879,436.2441378713716,436.78279441081855
3.5400000000000027,1.9074316799332274,-1.6916248560268883,22.28006737320624,6.154483099041945,5.993142127985452,0.0,2.840572209925461,-1.5262035480619087,5.412540917674492,-0.0977481984217185,-0.1297530264154502,0.0,413.6076393867023,413.72106590234273,412.97280102269286,413.54934948464654
3.6000000000000028,2.082542164385129,-1.785265329327743,22.602799077426024,6.149311186901208,5.9855240534123,0.0,2.996986082069704,-1.5955588135680538,5.344948305497973,-0.06967826075750547,-0.12191506993130564,0.0,427.1945693068286,427.8471051955835,426.51202386018764,428.8963450286992
3.660000000000003,2.268195617635918,-1.8835999864685875,22.9248104614836,6.145633780245433,5.977752949848618,0.0,3.191910833896176,-1.6825357083892039,5.387888047980477,-0.048321352055931945,-0.15249655771191634,0.0,465.9440801605417,463.5313037516439,464.1142362601808,465.7851203827397
3.720000000000003,2.4654333758023568,-1.987106830792884,23.248552383124576,6.143253595796347,5.968960466464981,0.0,3.3832619604646434,-1.7678467084317584,5.402729073937462,-0.02638169951646927,-0.13671843693706165,0.0,457.4457621497278,458.68113059246474,456.54112610097377,458.28782283020536
3.780000000000003,2.672541886031064,-2.0950199071424565,23.567814736110666,6.141955552229389,5.961127964817216,0.0,3.520944069079512,-1.829422555969006,5.239658082969834,-0.013518556828134763,-0.12041500292043852,0.0,397.3329296628186,398.8072003756773,396.1830697871627,397.36423361286063
3.840000000000003,2.8901651589026365,-2.2075580616278105,23.883677222383316,6.141200877868759,5.954208066575006,0.0,3.7335078310580383,-1.9218284335075422,5.288165512590981,-0.010760042711124403,-0.10673334038607339,0.0,468.9384696807086,469.98904844457314,469.8494031097696,470.06339196342117
3.900000000000003,3.120288845351497,-2.325505209242148,24.20135209145902,6.1403107754128605,5.947776430303865,0.0,3.9375742508418403,-2.0097480147554445,5.30028329055798,-0.024575136030436054,-0.10813060187802494,0.0,460.6742531042786,460.5540843500826,459.8235648093023,458.7276927725078
3.960000000000003,3.3631686737949207,-2.4489190423201563,24.52089525046115,6.138846673875065,5.942079775357296,0.0,4.158608322447641,-2.104088297991043,5.3501870197752925,-0.02405708254540986,-0.07677881780848754,0.0,472.01519682892297,474.42146622858417,474.11277207524483,474.1525416734013
4.020000000000002,3.617816208799162,-2.5773874508137804,24.839018844908832,6.137077562676403,5.937560877763886,0.0,4.329874607557521,-2.1783465617761224,5.2538965491491725,-0.0434841526662059,-0.07253870628802535,0.0,425.65235576379155,426.010429588133,428.64801877611313,426.99308330428084
4.080000000000001,3.884700923925614,-2.7111241539070177,25.156609147661165,6.134428588691556,5.933172439718376,0.0,4.5662224727142675,-2.2796833994034738,5.331314057936862,-0.0455143442426063,-0.07437181789398907,0.0,484.56755190062836,484.42603249651177,484.597560060052,484.4439685002464
4.14,4.164712873496612,-2.8505466092243905,25.475803671097868,6.132304899940216,5.929068314655641,0.0,4.76757089865005,-2.3679032856732887,5.30798197766643,-0.020411118950774527,-0.05855331456763619,0.0,453.4593674814151,454.72510718392004,453.85350393445873,455.86371265812573
4.199999999999998,4.455249171789972,-2.9946546506010505,25.789326959383935,6.130726688917942,5.925418372963026,0.0,4.9172044077593995,-2.435901307954636,5.143200169590044,-0.04195325275906638,-0.06582943216912569,0.0,406.54461477638716,405.8889068932913,406.26929291772075,404.332270018316
4.259999999999997,4.756665170554938,-3.1436431680156427,26.097934113814826,6.128140490164117,5.9220456698593225,0.0,5.129925909089408,-2.530561596476651,5.143044741922429,-0.045508055505947664,-0.041796269502249815,0.0,462.22528150744614,464.11366656687636,461.9152637457036,461.6338232513426
4.319999999999996,5.0705400514629915,-3.298234720408491,26.40567007183166,6.125119584804956,5.919648754817334,0.0,5.332431892993035,-2.622718740817987,5.1143756613370845,-0.062404061235599446,-0.03648887410519419,0.0,453.55362032139874,453.9790054866466,455.7309535118536,454.3764656472775
4.379999999999995,5.397251839798343,-3.4587058596127407,26.713456582001577,6.121260602191462,5.917791913054629,0.0,5.557642274550058,-2.7265993994467466,5.14434383774458,-0.06844300075965108,-0.021690958283947206,0.0,474.2214371316537,475.35674205744624,474.69996044239224,474.2334579662341
4.439999999999993,5.7360732066904285,-3.6249058766669067,27.019443740971912,6.117154875448575,5.916794807696393,0.0,5.736251372979301,-2.813766223396018,5.055186404856512,-0.0684003654734707,-0.008029244405904608,0.0,436.1054368718334,437.24546326730245,436.4012278561494,436.401163844875
4.499999999999992,6.085958337282487,-3.796576039417485,27.321059637892887,6.11333589046377,5.916033851104027,0.0,5.926304810828826,-2.908920207415419,4.998453287188448,-0.05553246378004654,-0.024156475659818846,0.0,448.3755671939974,447.0631767976867,447.3577565419066,448.40163274954966
4.559999999999991,6.44754260567627,-3.974175081799473,27.620115019276287,6.110033972698549,5.914503559637257,0.0,6.12622117998217,-3.01132839633403,4.969618627821535,-0.05404967255293562,-0.02834763688854287,0.0,457.07913508051206,456.7448101499501,458.55491289489834,458.67079183704533
4.6199999999999894,6.821059164247513,-4.1579723049398325,27.917334631282365,6.106561135113452,5.9125836611186156,0.0,6.324067193759561,-3.115530062237777,4.937256667219739,-0.06691907964601158,-0.04053607274152395,0.0,458.36795580679365,457.39767027703704,457.7959824641744,456.768259138372
4.679999999999988,7.2048163398674205,-4.347366426584172,28.208520382033253,6.10254053876297,5.90994950756928,0.0,6.46791225083033,-3.198017287983737,4.769324414087971,-0.06719218720369112,-0.05166546622659899,0.0,411.35837836765575,410.37003737073115,410.7712234192466,410.74324055502694
4.739999999999987,7.597888143236927,-4.542100102607644,28.491380197852497,6.0981644125612995,5.907553760363452,0.0,6.634427291851745,-3.2934944727315267,4.659316780314689,-0.0880338150594606,-0.023209606939526423,0.0,429.6660636718006,432.07143595424634,432.1298410069335,430.3643386436015
4.799999999999986,8.001385699322945,-4.742861575821098,28.768772187042803,6.0930310478851215,5.906022855723826,0.0,6.8152424614327405,-3.3990105635185093,4.586842778350349,-0.08101434597179986,-0.030577774061640868,0.0,444.5874616685717,443.98304887296507,443.9512536969584,444.520957848179
4.859999999999984,8.415928876520159,-4.9501619435618665,29.04237371568546,6.087804793351356,5.9043867712492,0.0,7.002581085522357,-3.511435603202436,4.532823593911141,-0.10347923758044635,-0.02135796858194503,0.0,451.42285476828596,452.16625216257097,451.489129514314,449.66600889885996
4.919999999999983,8.84054419996199,-5.163760895788884,29.309931075294784,6.081453421958049,5.903566513603792,0.0,7.151132420809406,-3.609100945763915,4.385980432241811,-0.1110882320587486,-0.0015628651722124345,0.0,418.6509994467958,420.3704527110416,419.15610630868076,418.4835059266205
4.979999999999982,9.275650291529697,-5.3841528499626135,29.572680772269567,6.0745213230381765,5.903892557071579,0.0,7.351830284799742,-3.7378765929996423,4.3717242308132,-0.12636332650613175,0.016661003016688342,0.0,465.05054264249645,466.47613592012607,464.8186467615654,463.6082204695438
5.0399999999999805,9.719837017907595,-5.610909214998791,29.82748494808086,6.066511325300938,5.9048642797091375,0.0,7.454384194921873,-3.82138936206922,4.122695145001564,-0.15421809793606628,0.015247531939626677,0.0,379.7755549544553,379.6398607749428,382.5367888260516,379.8535894807096
